20
4 4 2 2 1 0 2 1 2 3 4
4 4 1 1 3 1 1 2 2 2 2
39724 39430 20919 20227 3 7295 34728 28 46 33 14
39078 39880 20882 20735 3 22243 24336 53 36 6 40
192 223 29 170 28 25 108 89 74 40 51
20133 29990 1305 1623 603 7664 19517 81 90 36 9
5134 2621 141 183 1000000 2309 282 36 56 66 26
36478 39536 170 1 1442 22516 31242 4 70 37 6
943 715 356 144 449 893 533 86 24 28 90
4718 7077 134 115 1000000 3964 4597 7 20 29 77
37637 35252 131 4 1326 1844 2265 72 38 3 79
6503 8478 146 197 1000000 332 8138 33 8 90 43
38095 39579 180 6 1507 11485 32227 86 32 39 26
196 827 117 730 108 131 477 41 72 11 66
14 15 12 4 4 3 5 84 74 53 68
35728 35276 139 460 1000000 14745 27690 33 97 8 69
490 844 318 332 275 241 434 79 99 34 80
35510 11125 1346 1407 395 35248 9485 18 91 26 9
9883 7515 100 76 1000000 9567 1921 35 86 77 52
39353 39838 20565 20767 3 35517 37854 90 60 17 84
