20
198 81
8 5 7 83495
186 75
68 16 539 186
1000000000 100000
1 1 0 2
1000000000 100000
999999999 1 999999999 1000000000
1000000000 100000
1 1 1 1000000000
640834505 28785
3 9 1 999946125
98 59
6 30 524 98
840698758 13331
8 7 10 999955808
1000000000 1
12 7 74 12
714311129 39521
9 5 9 999998192
66 39
35 2 589 66
110 53
7 7 1 64417
1000000000 100000
100000 1 0 1000000000
59 26
14 19 681 59
232959116 56689
4 9 1 999903057
97 39
34 37 656 97
78 51
3 5 5 51230
177 73
7 7 5 56401
254 99
1 8 9 74990
131 74
1 9 10 78736
